7725764;800510
7270567;922850
7930684;922850
6343515;922850
7930713;922850
6891833;800548
6890719;800519
6895138;800519
6892073;800519
6892061;800519
6893293;800519
6892103;800519
6892047;800519
6892019;800519
6891987;800519
6892026;800519
6891976;800519
6891224;800519
6891973;800519
6893332;800519
6356613;930020
6891954;800457
6892266;800456
6343889;800456
6892249;800456
6343890;800456
6344623;800456
6343404;800456
6336937;800456
6891967;800456
6345685;800456
6343549;800456
6345686;800456
6344769;800456
6344768;800456
6344668;800456
6344667;800456
6343891;800456
6344740;800456
6345238;800456
6330594;800456
6892221;800456
6330623;800456
6331476;800456
6345230;800456
6345232;800456
6892885;800456
6345234;800456
6892906;800456
6345236;800456
6892271;800456
6336591;800456
6339076;800456
6892333;800456
6892338;800456
6336948;800456
6344772;800456
6344773;800456
6336940;800456
6336941;800456
6336942;800456
6892720;800456
6336945;800456
6336947;800456
6345233;800456
6336763;800456
6345241;800456
6345229;800456
6345242;800456
6892873;800456
6345235;800456
6884509;800450
7001334;800458
7001332;800458
6343501;800954
6359835;800954
7930713;800954
6346469;800954
7725610;800954
6895032;800936
6884168;800951
6884192;800951
6354931;800953
6356514;800953
6347000;816091
6895127;816091
6895123;816091
6890093;816091
6893183;816091
6893248;816091
6895125;816091
6894253;816091
6895145;816091
6893164;816091
7930684;800501
7930713;800501
6894831;800506
7649845;800506
7649893;800506
6891450;800506
6891570;800506
7649914;800506
7649901;800506
6447976;800506
6892702;800583
6894230;800583
6891776;800583
6920891;800583
6447641;800583
6892698;800583
6891946;800467
6891922;800467
6891880;800467
6891893;800467
6891859;800467
6891854;800467
6891864;800467
6891829;800468
7725610;800468
6891826;800468
6343501;800468
6346469;800468
7930713;800468
6334883;800835
6360133;800940
6355304;800940
6704825;800418
7930713;800595
6895020;800597
6895075;800597
6328153;816105
6337399;816105
6328094;816105
6328096;816105
6328116;816105
6328110;816105
6328138;816105
6338925;816105
6328150;816105
6328135;816105
6328132;816105
6338926;816105
6328156;816105
6338927;816105
6345270;816105
6345271;816105
6328084;816105
6328085;816105
6328089;816105
6346364;816105
6346363;816105
6346362;816105
6328120;816105
6328102;816105
6328101;816105
6328100;816105
6328129;816105
6328141;816105
6328147;816105
6328127;816105
6328144;816105
6345267;816105
6345266;816105
6345265;816105
6345264;816105
6345381;816105
6345269;816105
6345268;816105
6359664;800374
6357407;800374
6704786;800374
6357199;800374
6884509;800376
6356609;800376
6355293;800376
6355323;800376
6355304;800376
6356067;800376
6360138;800376
6355315;800376
6357467;800377
6360125;800377
6360127;800377
6360134;800377
6357708;800377
6360129;800377
6334883;800370
6894852;800370
6894857;800370
6525212;800370
7192685;800370
6525216;800370
6894690;800370
6355595;800370
6525218;800370
6447976;800370
6447996;800370
6525179;800370
6525178;800370
6356594;800370
6525172;800370
6525174;800370
6355132;800370
6894864;800370
6356613;800370
6338583;800370
6894702;800370
6894700;800370
6525180;800370
6894829;800370
6525205;800370
6894842;800370
6894809;800370
6894846;800370
6525189;800370
6894682;800370
6448013;800370
6525202;800370
6525208;800370
6525169;800370
6525223;800370
6525161;800370
6525226;800370
6891450;800370
6447997;800370
6891570;800370
6525222;800370
6356613;800371
7621863;800371
6704779;800373
6704820;800373
6344531;800373
6704804;800373
6895032;800373
6704821;800373
6359662;800373
6704802;800373
6356615;800373
6359744;800373
6704781;800373
6357407;800373
6704811;800373
6704785;800373
6357379;800373
6704799;800373
6704789;800373
6357031;800373
6356514;800373
6704786;800373
6338924;816107
7930713;800379
6343203;800379
6891363;800379
6346088;800379
6360166;800379
6895285;800379
6337278;800379
7930684;800379
6360179;800379
6895278;800379
6360173;800379
6327897;800379
7001384;800379
6360168;800379
6345515;800379
6895315;800379
6895295;800379
6895313;800379
7927126;800379
6345513;800379
7927119;800379
6344952;816108
6446816;816108
6344951;816108
6337104;816108
6344661;816108
6346547;816108
6336930;816108
6344068;816108
6346118;816108
6336934;816108
6337105;816108
6346577;816108
6346242;816108
6331482;816108
6337102;816108
6346549;816108
6346548;816108
6345627;816108
6345626;816108
6345625;816108
6895228;816108
6345609;816108
6345608;816108
6895226;816108
6337101;816108
6344738;816108
6344654;816108
6327847;816108
6344148;816108
6338802;816108
6346065;816108
6447561;816108
6337076;816108
6346453;816108
6346550;816108
6337036;816108
6346576;816108
6337133;816108
6344659;816108
6346121;816108
6343222;816108
6343226;816108
6337077;816108
6335980;816108
6336415;816108
6344806;816108
6338807;816108
6345126;816108
6343971;816108
6346586;816108
6346585;816108
6346584;816108
6345388;816108
6337106;816108
7192751;800574
6525212;800574
7649893;800574
7649914;800574
7649901;800574
6525196;800574
6355042;800410
6356609;800410
6357467;800410
6894174;800475
6345064;800475
6345060;800475
6919734;800475
7927126;800475
7930684;800475
6447627;800475
6345194;800475
6894150;800475
6447630;800475
6344788;800475
6345515;800475
6345063;800475
6336704;800475
7930713;800475
6343794;800474
6343339;800474
6343793;800474
6343792;800474
6345515;800474
6345199;800474
6338894;800474
6345190;800474
6345193;800474
6345192;800474
6345195;800474
7927998;800474
6893443;800474
6919596;800474
6331167;800474
6893425;800474
6893422;800474
6345187;800474
6345184;800474
6345185;800474
6339224;800474
6339225;800474
6339226;800474
6345189;800474
6919602;800474
6345064;800474
6895113;800474
6345060;800474
6345063;800474
6331119;800474
6891028;800474
6343445;800474
6343444;800474
6343272;800474
6343273;800474
6343271;800474
6343274;800474
6339215;800474
6339217;800474
6331144;800474
6327801;800474
6343371;800474
6337143;800474
6337142;800474
6336856;800474
6339077;800474
6336855;800474
6336853;800474
7930684;800474
6339078;800474
6919786;800474
6919784;800474
6919789;800474
6336704;800474
6343763;800474
6328023;800474
6345087;800474
6328028;800474
6344385;800474
6344834;800474
6336611;800474
6336822;800474
6336821;800474
6336820;800474
6343551;800474
6343550;800474
6336779;800474
6336778;800474
6344387;800474
7927126;800474
6343692;800474
6343693;800474
6893489;800474
6344788;800474
6919879;800474
6343762;800474
6337145;800474
6919875;800474
6893480;800474
6893483;800474
6344787;800474
6893544;800474
6345694;800474
6345692;800474
6345693;800474
6892367;800474
6343435;800474
6343346;800474
6328009;800474
6336765;800474
6336766;800474
6345027;800474
6336614;800474
6345696;800474
6890271;800474
6339084;800474
6339085;800474
6339080;800474
6339081;800474
6339082;800474
6339083;800474
6919885;800474
6891980;800474
6336613;800474
6343405;800474
6336616;800474
6343406;800474
6336618;800474
6919888;800474
6343337;800474
6919730;800474
6343334;800474
6919734;800474
6336223;800474
6894150;800474
6338972;800474
6336819;800474
6892275;800474
6343725;800474
6346145;800474
6343898;800474
6890268;800474
6343554;800474
6343553;800474
6343552;800474
6327799;800474
6327798;800474
6336620;800474
6345200;800474
6343343;800474
6345208;800474
6336221;800474
6345049;800474
6336222;800474
7927982;800474
6345047;800474
6345046;800474
6345045;800474
7930713;800474
6895320;800579
6343794;800579
6343793;800579
6343792;800579
6345199;800579
6338894;800579
6345190;800579
6345193;800579
6345192;800579
6345195;800579
6893443;800579
6919596;800579
6331167;800579
6893425;800579
6893422;800579
6345187;800579
6345184;800579
6345185;800579
6339224;800579
6339225;800579
6339226;800579
6345189;800579
6919602;800579
6891026;800579
6331119;800579
6343445;800579
6343444;800579
6343272;800579
6343273;800579
6343271;800579
6343274;800579
6339215;800579
6339217;800579
6331144;800579
6327801;800579
6337145;800579
6337143;800579
6337142;800579
6336856;800579
6339077;800579
6336855;800579
6336853;800579
6339078;800579
6919786;800579
6919784;800579
6919789;800579
6343762;800579
6343763;800579
6328023;800579
6345087;800579
6328028;800579
6344385;800579
6344834;800579
6336611;800579
6336822;800579
6336821;800579
6336820;800579
6343551;800579
6327798;800579
6336779;800579
6336778;800579
6344387;800579
6343692;800579
6343693;800579
6893489;800579
6919879;800579
6919875;800579
6893480;800579
6893483;800579
6344787;800579
6345696;800579
6345694;800579
6345692;800579
6345693;800579
6343435;800579
6343346;800579
6328009;800579
6336765;800579
6336766;800579
6345027;800579
6336614;800579
6893544;800579
6890271;800579
6339084;800579
6339085;800579
6339080;800579
6339081;800579
6339082;800579
6339083;800579
6919885;800579
6336613;800579
6343405;800579
6336616;800579
6343406;800579
6336618;800579
6919888;800579
6343337;800579
6919730;800579
6343334;800579
6336223;800579
6343339;800579
6338972;800579
6336819;800579
6892275;800579
6343725;800579
6346145;800579
6343898;800579
6890268;800579
6343554;800579
6343553;800579
6343552;800579
6327799;800579
6343550;800579
6336620;800579
6345200;800579
6343343;800579
6345208;800579
6345046;800579
6336221;800579
6345049;800579
6336222;800579
6345047;800579
6343371;800579
6345045;800579
6355176;816092
6355947;816092
6360156;816092
6355175;816092
6354879;816092
6355952;816092
6354884;816092
6354877;816092
6359604;816092
6355959;816092
6356492;816092
6356046;816092
6356496;816092
6355951;816092
6355947;816093
6354884;816093
6360156;816093
6354879;816093
6356492;816093
6354877;816093
6354883;816093
6356046;816093
6893003;816090
6327891;816090
6343845;816090
6920464;816090
6920460;816090
6345376;816090
6920427;816090
6919264;816090
6920449;816090
6919266;816090
6920358;816090
6920446;816090
6920376;816090
6345310;816090
6346772;816090
6920744;816090
6920742;816090
6337422;816090
6919753;816090
6920234;816090
6920233;816090
6920748;816090
6338608;816090
6338602;816090
6338601;816090
6920740;816090
6338605;816090
6338593;816090
6338606;816090
6337389;816090
6920412;816090
6920440;816090
6920438;816090
6919481;816090
6336874;816090
6920434;816090
6920436;816090
6920430;816090
6337387;816090
6346998;816090
6920356;816090
6919275;816090
6337388;816090
6346996;816090
6919274;816090
6920453;816090
6920452;816090
6919747;816090
6919745;816090
6919312;816090
6346765;816090
6920753;816090
6919314;816090
6338594;816090
6920227;816090
6920222;816090
6894654;800588
6343429;816096
6446937;816096
6343869;816096
6344498;816096
6327895;816096
6344598;816096
6343846;816096
6343427;816096
6331597;816096
6893062;816096
6346340;816096
6344602;816096
6343502;816096
6344601;816096
6344607;816096
6920424;816096
6339047;816096
6343310;816096
6327943;816096
6327902;816096
6344006;816096
6346968;816096
6345373;816096
6336396;816096
6893178;816096
6893174;816096
6346346;816096
6893171;816096
6343806;816096
6327889;816096
6894285;816096
6345073;816096
6338600;816096
6344604;816096
6338732;816096
6893057;816096
6346795;816096
6338737;816096
6346347;816096
6893051;816096
6344501;816096
6344502;816096
6345587;816096
6338832;816096
6345301;816096
6338590;816096
6343580;816096
6338738;816096
6337419;816096
6337418;816096
6346769;816096
6329125;816096
6338591;816096
6893167;816096
6338592;816096
6336971;816097
6336970;816097
6334644;816097
6328219;816097
6343393;816097
6327912;816097
6346033;816097
6346032;816097
6894138;816097
6327921;816097
6334680;816097
6338874;816097
6327907;816097
6328221;816097
6346069;816097
6328260;816097
6346675;816097
6328209;816097
6346798;816097
6337059;816097
6894128;816097
6327910;816097
6345467;816097
6345466;816097
6892286;800581
6895230;800581
6892312;800581
6891140;800581
6893686;800581
6892660;800581
6893621;800581
6893630;800581
6890195;816099
6894439;816099
6920899;816099
6894485;800833
6891071;800833
6355042;800411
6338634;800554
7927126;800554
6344006;800554
6343669;800554
6919566;800554
7930713;800554
7927126;800402
7930684;800402
6346088;800402
7930713;800402
6355955;816075
6356478;816075
6355944;816075
6355943;816075
6355942;816075
6355941;816075
6355359;816075
6355178;816075
6357331;816075
6355362;816075
6355361;816075
6356649;800406
6356652;800406
6359662;800925
6346339;816083
6339827;816083
6339291;816083
6338616;816083
6339293;816083
6339292;816083
6331606;816083
6338838;816083
6346752;816083
6346753;816083
6346750;816083
6346751;816083
6346756;816083
6346757;816083
6919495;816083
6337432;816083
6885074;816083
6336629;816083
6345654;816083
6345655;816083
6343416;816083
6346345;816083
6338612;816083
6327935;816083
6343302;816083
6920360;816083
6343300;816083
6328680;816083
6338614;816083
6338615;816083
6338599;816083
6338613;816083
6338611;816083
6346747;816083
6346755;816083
6891407;800445
6891340;800445
6885218;800445
6893531;800445
6335277;816085
6335300;816085
6343591;816085
6346948;816085
6331934;816085
6884023;816085
6345358;816085
6339021;816085
6337360;816087
6336827;816087
6343159;816087
6337074;816087
6895207;816087
6895147;816087
6891597;816087
6328178;816087
6895209;816087
6328191;816087
6921063;816087
6343856;816087
6338649;816087
6338665;816087
6921007;816087
6338646;816087
6447492;816087
6891462;816087
6335011;816087
6343382;816087
6893735;816087
6343941;816087
6895198;816087
6338683;816087
6920928;816087
6338684;816087
6895190;816087
6346022;816087
6920924;816087
6889836;816087
6337361;816087
6347110;816087
6338868;816087
6337056;816087
6343975;816087
6338671;816087
6338658;816087
6895211;816087
6338654;816087
6327952;816087
6338656;816087
6338657;816087
6447482;816087
6346729;816086
6346726;816086
6343424;816086
6346462;816086
6337080;816086
6889434;816086
6889412;816086
6338723;816086
6338721;816086
6346803;816086
6338725;816086
6328268;816086
6346738;816086
6346739;816086
6346735;816086
6346733;816086
6343418;816086
6343419;816086
6338718;816086
6337078;816086
6343239;816086
6338717;816086
6346745;816086
6346746;816086
6346741;816086
6346742;816086
6355132;816088
6355595;816088
6355827;816088
6446782;816088
6354882;816088
6894831;800593
7192685;800593
6894813;800593
6356594;800593
6894829;800593
6894809;800593
6525196;800593
6347014;800847
6895104;800844
7649846;800844
6891538;800844
6339076;800845
6892266;800845
6343889;800845
6892249;800845
6344623;800845
6343404;800845
6336937;800845
6345685;800845
6343549;800845
6345686;800845
6344769;800845
6344768;800845
6344668;800845
6344667;800845
6344740;800845
6345238;800845
6330594;800845
6345242;800845
6330623;800845
6331476;800845
6345230;800845
6345232;800845
6345233;800845
6345234;800845
6345235;800845
6345236;800845
6892271;800845
6343890;800845
6343891;800845
6892333;800845
6892338;800845
6336591;800845
6336948;800845
6344772;800845
6344773;800845
6336940;800845
6336941;800845
6336942;800845
6336945;800845
6336947;800845
6336763;800845
6345241;800845
6345229;800845
6892221;800845
6447836;800394
7725764;800394
6347080;800394
6346888;800394
6447814;800394
6447743;800394
6346844;800394
6346845;800394
6447880;800394
6447747;800394
6346929;800394
6447506;800394
6447721;800394
6447315;800394
6447727;800394
6447700;800394
6446980;800394
6447968;800394
6346837;800394
6346916;800394
6346875;800394
6346838;800394
6895136;800395
6892115;800395
6447385;800395
6355815;800390
6357422;800390
6704822;800391
6356506;816100
6355957;816100
6356137;816100
6357295;816100
6356058;816100
6355958;816100
6356139;816100
6356054;816100
6356055;816100
6356142;816100
6356138;816100
6355824;816100
6356148;816100
6356149;816100
6356133;816100
6357294;816100
6356131;816100
6355590;816100
6356059;816100
6356141;816100
6920241;816101
6343499;816101
6337268;816101
6338745;816101
6346646;816101
6327831;816101
6343571;816101
6343398;816101
6346452;816101
6338562;816101
6346645;816101
6338679;816101
6346431;816101
6339234;816101
6343801;816101
6343802;816101
6355358;816103
6355356;816103
6355357;816103
6355355;816103
6338595;816104
6338565;816104
6346978;816104
6338596;816104
6336695;816104
6355853;816106
6894831;800557
7179177;800557
6525175;800557
6891450;800557
6891570;800557
7649845;800557
6447976;800557
7089848;800557
7930713;922849
6327897;922849
6343316;816109
6345289;816109
6346993;816109
6335732;816109
6893157;816109
6345288;816109
6345292;816109
6328090;816109
6345280;816109
7001334;800413
6890128;800413
6447976;800413
7001332;800413
6356923;816077
6356924;816077
6892909;800909
6344531;800566
7621863;800918
6343203;800850
7927126;800850
6345515;800850
7725694;800850
7927119;800850
6345513;800850
7930713;800850
6890821;800424
6891252;800424
6889584;800424
6894931;800424
6889682;800424
6889471;800424
6894912;800424
6895095;800424
6894901;800424
6884219;800424
6890051;800424
6894883;800424
6344531;800425
6357414;800426
6890723;800427
6894770;800389
6894639;800389
6894945;800389
6894778;800389
6895093;800389
6894798;800389
6895044;800389
6894654;800389
6894656;800389
6889622;800389
6895006;800389
6884832;800389
6895004;800389
6895002;800389
6894597;800389
6894627;800389
6894794;800389
6447030;800389
6889579;800389
6894931;800389
6894952;800389
6356211;800389
6894912;800389
6894887;800389
6889455;800389
6894917;800389
6889471;800389
6447076;800389
6894993;800389
6360145;800389
6894642;800389
6894802;800389
6359797;800389
6884837;800389
6359460;800389
6894809;800389
6889682;800389
6891260;800389
6890853;800389
6894947;800389
6895078;800389
6891248;800389
6447038;800389
6447067;800389
6359805;800389
6359968;800389
6354924;800389
6447008;800389
6895053;800389
6895054;800389
6895055;800389
6894784;800389
6894874;800389
6885101;800389
6894870;800389
6357014;800389
6891555;800389
6885124;800389
6894907;800389
6894915;800389
6894879;800389
6885120;800389
6894805;800421
6356117;800387
7192685;800387
6356594;800387
6355132;800387
6894809;800387
6338583;800387
6355595;800387
6525196;800387
6920839;816079
6920838;816079
6894431;816079
6920257;816079
6920835;816079
6338617;816079
6920842;816079
6920844;816079
6345375;816079
6338619;816079
6892794;800580
6885124;800541
6894667;800541
6346555;816110
6338643;816110
6891270;800864
6359797;800864
6895013;800864
6894623;800864
6894802;800864
6359968;800864
6894993;800864
6894627;800864
6894992;800864
6894616;800864
6360110;800864
6359789;800864
6894874;800864
6891260;800864
6891265;800864
6894798;800864
6895038;800864
6447014;800864
6359793;800864
6359968;800865
6894031;800863
6894097;800863
6891483;800863
6346954;800863
6356922;816082
6890989;800492
6892080;800492
6892086;800492
6895116;800492
6892050;800492
6890710;800492
6895138;800492
6892030;800492
6893332;800492
6891992;800492
6892015;800492
6891976;800492
6891973;800492
6892073;800492
6893321;800492
6892766;800908
6892788;800908
6894495;800906
7930684;800906
6894439;800906
6894523;800906
6894518;800906
6894487;800906
7930713;800906
6895161;800905
6895313;800904
6895295;800904
7927126;800903
6891980;800903
6891981;800903
7927998;800903
6895104;800432
7649846;800432
6894837;800432
6894836;800432
7930713;800437
6338634;800437
6346056;800437
6894509;800437
6894211;800437
6346190;800437
6346191;800437
6346192;800437
6337319;800437
6344006;800437
6890739;800437
6346533;800437
6346537;800437
6346534;800437
6346535;800437
7930684;800437
6894601;800437
6894439;800437
6919566;800437
6346186;800437
6346188;800437
7927982;800437
6346234;800437
6894213;800438
7930713;800438
7927754;800438
6890739;800438
6894699;800530
6894700;800530
6894696;800530
6359789;800872
6360014;800872
6359805;800872
6359793;800872
6357048;816098
6357049;816098
6894992;800879
6894805;800879
6891275;800879
6894802;800879
6447008;800879
6447021;800879
6894794;800879
6894809;800879
6891270;800879
6894590;800879
6356211;800879
6892080;800848
6704799;800926
7001384;800600
6891363;800600
6891369;800600
7930713;800447
6346186;800447
6346190;800447
6346191;800447
6346192;800447
6337319;800447
6346056;800447
6346188;800447
6346535;800447
6346534;800447
6346234;800447
7927982;800447
6346533;800447
6346537;800447
7001334;739306
6919734;739306
7001332;739306
6338634;739306
7930684;739306
6919566;739306
7725764;739306
7930713;739306
6336971;816073
6336970;816073
6346645;816073
6346646;816073
6343398;816073
6328219;816073
6345292;816073
6343393;816073
6339234;816073
6327909;816073
6337251;816073
6327907;816073
6338728;816073
6338723;816073
6338721;816073
6338727;816073
6338725;816073
6346001;816073
6337033;816073
6337032;816073
6337030;816073
6337036;816073
6337035;816073
6337034;816073
6337133;816073
6337039;816073
6331894;816073
6889836;816073
6895207;816073
6889830;816073
6356923;816073
6885040;816073
6346565;816073
6360156;816073
6920918;816073
6338868;816073
6346462;816073
6346468;816073
6889789;816073
6328035;816073
6889841;816073
6355941;816073
6921063;816073
6920969;816073
6447553;816073
6331799;816073
6336588;816073
6356133;816073
6343501;816073
6356137;816073
6343591;816073
6346738;816073
6346739;816073
6332612;816073
6891076;816073
6346735;816073
6346733;816073
6356054;816073
6356055;816073
6336928;816073
6336929;816073
6344851;816073
6344850;816073
6356058;816073
6356059;816073
6345306;816073
6327831;816073
6338658;816073
6338659;816073
6338717;816073
6338719;816073
6338718;816073
6338656;816073
6338657;816073
6338654;816073
6338655;816073
6354879;816073
6354877;816073
6337103;816073
6337102;816073
6337101;816073
6346782;816073
6346785;816073
6337106;816073
6337105;816073
6337104;816073
6346037;816073
6328178;816073
6346033;816073
6346032;816073
6343130;816073
6337068;816073
6343239;816073
6337066;816073
6337060;816073
6337061;816073
6327847;816073
6447561;816073
6346554;816073
6346555;816073
6346556;816073
6346557;816073
6346550;816073
6346551;816073
6346552;816073
6346553;816073
6920922;816073
6346558;816073
6920924;816073
6345678;816073
6345670;816073
6346995;816073
6345672;816073
6345673;816073
6345674;816073
6346991;816073
6345676;816073
6346993;816073
6446974;816073
6345125;816073
6345126;816073
6357295;816073
6357294;816073
6343801;816073
6343803;816073
6343802;816073
6356478;816073
6343157;816073
6343159;816073
6919340;816073
6885084;816073
6343382;816073
6343381;816073
6338745;816073
6346675;816073
6343571;816073
6328209;816073
6356046;816073
6337361;816073
6337360;816073
6346206;816073
6345467;816073
6345466;816073
6343975;816073
6343971;816073
6346071;816073
6346070;816073
6327890;816073
6355119;816073
6327893;816073
6344806;816073
6344807;816073
6337026;816073
6337027;816073
6337029;816073
6356494;816073
6356495;816073
6356496;816073
6356497;816073
6356492;816073
6889434;816073
6346432;816073
6338665;816073
6446782;816073
6355947;816073
6354884;816073
6355944;816073
6355943;816073
6355942;816073
6354883;816073
6354882;816073
6346450;816073
6346453;816073
6346452;816073
6338562;816073
6337094;816073
6337096;816073
6337092;816073
6337099;816073
6344738;816073
6346583;816073
6346581;816073
6344739;816073
6346587;816073
6346586;816073
6346585;816073
6346584;816073
6346589;816073
6346588;816073
6357331;816073
6336827;816073
6344068;816073
6346965;816073
6346964;816073
6346196;816073
6332579;816073
6345609;816073
6345608;816073
6344661;816073
6343856;816073
6343857;816073
6343855;816073
6893735;816073
6921007;816073
6346803;816073
6343858;816073
6338648;816073
6343531;816073
6343532;816073
6343927;816073
6893393;816073
6893397;816073
6331480;816073
6331482;816073
6331483;816073
6344148;816073
6344017;816073
6337203;816073
6345671;816073
6343588;816073
6338639;816073
6338634;816073
6345675;816073
6345677;816073
6327921;816073
6891462;816073
6346140;816073
6357048;816073
6357049;816073
6339030;816073
6338683;816073
6328034;816073
6338685;816073
6338684;816073
6346798;816073
6328187;816073
6346022;816073
6337059;816073
6894128;816073
6346577;816073
6337051;816073
6336415;816073
6337054;816073
6343244;816073
6356504;816073
6343865;816073
6343864;816073
6346561;816073
6346563;816073
6346562;816073
6356924;816073
6346564;816073
6346567;816073
6346566;816073
6346242;816073
6895209;816073
6921041;816073
6895287;816073
6343141;816073
6335720;816073
6343226;816073
6447775;816073
6446816;816073
6446818;816073
6356148;816073
6356149;816073
6356142;816073
6356140;816073
6356141;816073
6334680;816073
6332790;816073
6447492;816073
6331766;816073
6346065;816073
6346069;816073
6355824;816073
6355827;816073
6335277;816073
6338671;816073
6346745;816073
6338679;816073
6327952;816073
6346741;816073
6346742;816073
6355955;816073
6355957;816073
6355951;816073
6355952;816073
6355958;816073
6355959;816073
6346118;816073
6346110;816073
6346111;816073
6337080;816073
6334159;816073
6894271;816073
6335011;816073
6920944;816073
6346239;816073
6344659;816073
6344658;816073
6338860;816073
6344654;816073
6345610;816073
6343824;816073
6343526;816073
6343527;816073
6339254;816073
6339251;816073
6339250;816073
6339253;816073
6339252;816073
6356510;816073
6334644;816073
6893157;816073
6893159;816073
6345289;816073
6345288;816073
6343418;816073
6343419;816073
6345280;816073
6893374;816073
6891081;816073
6346746;816073
6338874;816073
6920241;816073
6327910;816073
6327912;816073
6893381;816073
6355176;816073
6355853;816073
6355175;816073
6357071;816073
6357073;816073
6357072;816073
6355178;816073
6355179;816073
6337046;816073
6337044;816073
6337045;816073
6337042;816073
6337043;816073
6337040;816073
6337041;816073
6328191;816073
6339021;816073
6894138;816073
6343316;816073
6343499;816073
6355356;816073
6355357;816073
6355354;816073
6355355;816073
6359604;816073
6355358;816073
6355359;816073
6343873;816073
6895198;816073
6895211;816073
6346576;816073
6895190;816073
6346574;816073
6346572;816073
6346573;816073
6346570;816073
6344956;816073
6344954;816073
6344955;816073
6344952;816073
6344953;816073
6344950;816073
6344951;816073
6339248;816073
6920928;816073
6355852;816073
6339249;816073
6335732;816073
6355595;816073
6355590;816073
6355329;816073
6345627;816073
6345626;816073
6345625;816073
6332554;816073
6356865;816073
6345629;816073
6345628;816073
6345291;816073
6346948;816073
6893400;816073
6356922;816073
6328221;816073
6356139;816073
6356138;816073
6345362;816073
6356131;816073
6339163;816073
6337268;816073
6335980;816073
6347110;816073
6331679;816073
6447482;816073
6891061;816073
6346729;816073
6355132;816073
6346726;816073
6346359;816073
6336930;816073
6343424;816073
6336935;816073
6336934;816073
6891597;816073
6328090;816073
6328093;816073
6335300;816073
6889412;816073
6345358;816073
6338649;816073
6346790;816073
6338645;816073
6338644;816073
6338646;816073
6338643;816073
6346539;816073
6346121;816073
6346120;816073
6346431;816073
6343223;816073
6343222;816073
6337078;816073
6337077;816073
6337076;816073
6331851;816073
6337074;816073
6337073;816073
6345388;816073
6335001;816073
6335003;816073
6894115;816073
6346547;816073
6346545;816073
6346544;816073
6331934;816073
6895147;816073
6355362;816073
6355361;816073
6337056;816073
6346549;816073
6346548;816073
6338807;816073
6345669;816073
6895228;816073
6346989;816073
6895226;816073
6895224;816073
6338802;816073
6356506;816073
6328268;816073
6328269;816073
6356502;816073
6356503;816073
6343941;816073
6328260;816073
6343129;816073
6884023;816073
6356662;816073
6919336;816073
6919333;816073
6919330;816073
6893140;816073
6338805;816073
6338804;816073
6890603;816073
6355176;816074
6355955;816074
6355853;816074
6355175;816074
6355951;816074
6360156;816074
6357071;816074
6355119;816074
6357073;816074
6357072;816074
6359604;816074
6356478;816074
6355178;816074
6355179;816074
6355941;816074
6356046;816074
6356922;816074
6355852;816074
6356924;816074
6356148;816074
6356149;816074
6355595;816074
6355361;816074
6355590;816074
6356140;816074
6356141;816074
6356494;816074
6356495;816074
6356496;816074
6356497;816074
6354883;816074
6356492;816074
6354879;816074
6356058;816074
6356510;816074
6354882;816074
6356865;816074
6356506;816074
6356662;816074
6355132;816074
6356142;816074
6355329;816074
6355952;816074
6356502;816074
6356503;816074
6446782;816074
6355947;816074
6354884;816074
6356504;816074
6355944;816074
6355356;816074
6355942;816074
6355354;816074
6355355;816074
6355957;816074
6355958;816074
6355358;816074
6355359;816074
6355824;816074
6355357;816074
6355827;816074
6356054;816074
6356055;816074
6356139;816074
6356138;816074
6355943;816074
6356133;816074
6356131;816074
6356137;816074
6356059;816074
6357048;816074
6355362;816074
6354877;816074
6356923;816074
6355959;816074
6357331;816074
6357295;816074
6357294;816074
6357049;816074
6356117;800443
6355132;800443
6894852;800443
6355595;800443
6338583;800443
6525196;800443
6357331;816076
6920839;816078
6343152;816078
6337394;816078
6331601;816078
6920830;816078
6337393;816078
6343869;816078
6920838;816078
6890093;816078
6920440;816078
6920835;816078
6343314;816078
6337399;816078
6331597;816078
6345298;816078
6893204;816078
6892987;816078
6893202;816078
6920422;816078
6920383;816078
6920427;816078
6920424;816078
6331599;816078
6337442;816078
6895125;816078
6328116;816078
6895127;816078
6345458;816078
6920381;816078
6895123;816078
6327902;816078
6345457;816078
6337388;816078
6893167;816078
6920744;816078
6920742;816078
6919753;816078
6893174;816078
6893198;816078
6893171;816078
6343498;816078
6920748;816078
6344501;816078
6327889;816078
6338838;816078
6339185;816078
6344052;816078
6893194;816078
6893192;816078
6893212;816078
6345655;816078
6336874;816078
6893057;816078
6346364;816078
6346363;816078
6346362;816078
6893051;816078
6328120;816078
6328122;816078
6328125;816078
6345587;816078
6328127;816078
6344027;816078
6328129;816078
6345460;816078
6343302;816078
6920452;816078
6343300;816078
6338616;816078
6338617;816078
6338614;816078
6338615;816078
6338599;816078
6338613;816078
6346765;816078
6338611;816078
6338595;816078
6338594;816078
6346769;816078
6338596;816078
6338591;816078
6338590;816078
6338593;816078
6338592;816078
6346340;816078
6920740;816078
6343675;816078
6895118;816078
6920453;816078
6346052;816078
6344498;816078
6343845;816078
6327895;816078
6343846;816078
6346750;816078
6893183;816078
6344602;816078
6344049;816078
6345377;816078
6344601;816078
6344607;816078
6344604;816078
6339047;816078
6339291;816078
6345073;816078
6339293;816078
6339292;816078
6920449;816078
6328138;816078
6345266;816078
6920358;816078
6346751;816078
6920446;816078
6328135;816078
6328132;816078
6345265;816078
6920442;816078
6336396;816078
6337425;816078
6346772;816078
6345264;816078
6345270;816078
6345271;816078
6337422;816078
6338836;816078
6338612;816078
6446951;816078
6893208;816078
6338832;816078
6892940;816078
6337432;816078
6894285;816078
6345654;816078
6893164;816078
6894236;816078
6920753;816078
6344502;816078
6338565;816078
6331609;816078
6895120;816078
6336634;816078
6346345;816078
6331606;816078
6346347;816078
6346346;816078
6337499;816078
6920234;816078
6920227;816078
6327940;816078
6919275;816078
6919274;816078
6920364;816078
6328141;816078
6328113;816078
6328147;816078
6920360;816078
6328144;816078
6338924;816078
6338925;816078
6338926;816078
6338927;816078
6920222;816078
6338923;816078
6337419;816078
6893070;816078
6346747;816078
6329125;816078
6920233;816078
6920387;816078
6446937;816078
6893003;816078
6446934;816078
6346051;816078
6920356;816078
6343427;816078
6339827;816078
6920464;816078
6893248;816078
6920462;816078
6920460;816078
6344704;816078
6343502;816078
6328094;816078
6343429;816078
6328096;816078
6920378;816078
6920436;816078
6919264;816078
6327943;816078
6919266;816078
6328150;816078
6328085;816078
6328153;816078
6920376;816078
6346968;816078
6328156;816078
6345310;816078
6338794;816078
6920842;816078
6920844;816078
6327891;816078
6346752;816078
6346753;816078
6343599;816078
6336792;816078
6346756;816078
6345269;816078
6919495;816078
6893178;816078
6920394;816078
6345069;816078
6328084;816078
6446923;816078
6328083;816078
6446926;816078
6343310;816078
6346042;816078
6446929;816078
6885074;816078
6328089;816078
6920413;816078
6920412;816078
6920417;816078
6343431;816078
6920419;816078
6327897;816078
6343439;816078
6327933;816078
6343185;816078
6327930;816078
6343180;816078
6336418;816078
6327935;816078
6345304;816078
6344650;816078
6346978;816078
6345301;816078
6345303;816078
6343580;816078
6343581;816078
6331607;816078
6345380;816078
6345381;816078
6344159;816078
6919314;816078
6919481;816078
6346755;816078
6337264;816078
6919312;816078
6893062;816078
6328086;816078
6346339;816078
6344598;816078
6920400;816078
6893023;816078
6894257;816078
6920397;816078
6894250;816078
6894253;816078
6895145;816078
6920408;816078
6345267;816078
6344727;816078
6344726;816078
6337418;816078
6920391;816078
6347001;816078
6347000;816078
6345376;816078
6338835;816078
6331600;816078
6345987;816078
6920257;816078
6345985;816078
6920430;816078
6894566;816078
6892357;816078
6346757;816078
6345373;816078
6328680;816078
6328110;816078
6337464;816078
6336695;816078
6336696;816078
6338608;816078
6337223;816078
6894431;816078
6338601;816078
6338600;816078
6338602;816078
6338605;816078
6331608;816078
6337454;816078
6338606;816078
6337389;816078
6345268;816078
6894241;816078
6336629;816078
6920438;816078
6894245;816078
6343416;816078
6920434;816078
6346795;816078
6338737;816078
6337387;816078
6328107;816078
6328165;816078
6328104;816078
6346998;816078
6328102;816078
6328101;816078
6328100;816078
6343430;816078
6346996;816078
6338619;816078
6331584;816078
6919747;816078
6919745;816078
6338738;816078
6344728;816078
6328869;816078
6345375;816078
6343806;816078
6892972;816078
6344006;816078
6338732;816078
7927126;800523
7927982;800523
7930713;800523
6884509;800449
6360114;800888
6357213;800888
6360117;800888
6337278;800887
6359837;865052
6327902;865059
7927126;865059
6894439;865059
7595790;865059
6356922;816081
6891826;808758
